# File describing the spectral bands for MIRC's Low resolution H-band mode.

combiner = PFI-MIDIR
mode = N_BAND
# 9 to 10 microns, 0.05 micron width
9.000000E-06  5.000000E-09
9.005000E-06  5.000000E-09
9.010000E-06  5.000000E-09
9.015001E-06  5.000000E-09
9.020000E-06  5.000000E-09
9.025000E-06  5.000000E-09
9.030000E-06  5.000000E-09
9.034999E-06  5.000000E-09
9.040000E-06  5.000000E-09
9.045000E-06  5.000000E-09
9.050000E-06  5.000000E-09
9.055000E-06  5.000000E-09
9.060001E-06  5.000000E-09
9.064999E-06  5.000000E-09
9.070000E-06  5.000000E-09
9.075000E-06  5.000000E-09
9.079999E-06  5.000000E-09
9.085000E-06  5.000000E-09
9.090000E-06  5.000000E-09
9.095001E-06  5.000000E-09
9.100000E-06  5.000000E-09
9.105000E-06  5.000000E-09
9.110000E-06  5.000000E-09
9.115000E-06  5.000000E-09
9.120000E-06  5.000000E-09
9.125000E-06  5.000000E-09
9.130000E-06  5.000000E-09
9.135000E-06  5.000000E-09
9.140001E-06  5.000000E-09
9.145000E-06  5.000000E-09
9.150000E-06  5.000000E-09
9.155000E-06  5.000000E-09
9.160000E-06  5.000000E-09
9.165000E-06  5.000000E-09
9.170000E-06  5.000000E-09
9.175000E-06  5.000000E-09
9.180000E-06  5.000000E-09
9.185001E-06  5.000000E-09
9.189999E-06  5.000000E-09
9.195000E-06  5.000000E-09
9.200000E-06  5.000000E-09
9.205000E-06  5.000000E-09
9.210000E-06  5.000000E-09
9.215000E-06  5.000000E-09
9.220000E-06  5.000000E-09
9.225000E-06  5.000000E-09
9.230000E-06  5.000000E-09
9.234999E-06  5.000000E-09
9.240000E-06  5.000000E-09
9.245000E-06  5.000000E-09
9.250000E-06  5.000000E-09
9.255000E-06  5.000000E-09
9.260000E-06  5.000000E-09
9.265001E-06  5.000000E-09
9.270000E-06  5.000000E-09
9.275000E-06  5.000000E-09
9.280000E-06  5.000000E-09
9.285000E-06  5.000000E-09
9.290000E-06  5.000000E-09
9.295000E-06  5.000000E-09
9.300000E-06  5.000000E-09
9.305000E-06  5.000000E-09
9.310001E-06  5.000000E-09
9.314999E-06  5.000000E-09
9.320000E-06  5.000000E-09
9.325000E-06  5.000000E-09
9.330000E-06  5.000000E-09
9.335000E-06  5.000000E-09
9.340000E-06  5.000000E-09
9.345000E-06  5.000000E-09
9.350000E-06  5.000000E-09
9.355000E-06  5.000000E-09
9.359999E-06  5.000000E-09
9.365000E-06  5.000000E-09
9.370000E-06  5.000000E-09
9.375000E-06  5.000000E-09
9.380000E-06  5.000000E-09
9.385000E-06  5.000000E-09
9.390001E-06  5.000000E-09
9.395000E-06  5.000000E-09
9.400000E-06  5.000000E-09
9.405000E-06  5.000000E-09
9.410000E-06  5.000000E-09
9.415000E-06  5.000000E-09
9.420000E-06  5.000000E-09
9.425000E-06  5.000000E-09
9.430000E-06  5.000000E-09
9.435001E-06  5.000000E-09
9.439999E-06  5.000000E-09
9.445000E-06  5.000000E-09
9.450000E-06  5.000000E-09
9.455000E-06  5.000000E-09
9.460000E-06  5.000000E-09
9.465000E-06  5.000000E-09
9.470000E-06  5.000000E-09
9.475000E-06  5.000000E-09
9.480000E-06  5.000000E-09
9.484999E-06  5.000000E-09
9.490000E-06  5.000000E-09
9.495000E-06  5.000000E-09
9.500000E-06  5.000000E-09
9.505000E-06  5.000000E-09
9.510000E-06  5.000000E-09
9.515000E-06  5.000000E-09
9.520000E-06  5.000000E-09
9.525000E-06  5.000000E-09
9.529999E-06  5.000000E-09
9.535000E-06  5.000000E-09
9.540000E-06  5.000000E-09
9.545000E-06  5.000000E-09
9.550000E-06  5.000000E-09
9.555000E-06  5.000000E-09
9.560001E-06  5.000000E-09
9.564999E-06  5.000000E-09
9.570000E-06  5.000000E-09
9.575000E-06  5.000000E-09
9.580000E-06  5.000000E-09
9.585000E-06  5.000000E-09
9.590000E-06  5.000000E-09
9.595000E-06  5.000000E-09
9.600000E-06  5.000000E-09
9.605000E-06  5.000000E-09
9.609999E-06  5.000000E-09
9.615000E-06  5.000000E-09
9.620000E-06  5.000000E-09
9.625000E-06  5.000000E-09
9.630000E-06  5.000000E-09
9.635000E-06  5.000000E-09
9.640000E-06  5.000000E-09
9.645000E-06  5.000000E-09
9.650000E-06  5.000000E-09
9.654999E-06  5.000000E-09
9.660000E-06  5.000000E-09
9.665000E-06  5.000000E-09
9.670000E-06  5.000000E-09
9.675000E-06  5.000000E-09
9.680000E-06  5.000000E-09
9.685001E-06  5.000000E-09
9.689999E-06  5.000000E-09
9.695000E-06  5.000000E-09
9.700000E-06  5.000000E-09
9.705000E-06  5.000000E-09
9.710000E-06  5.000000E-09
9.715000E-06  5.000000E-09
9.720000E-06  5.000000E-09
9.725000E-06  5.000000E-09
9.730000E-06  5.000000E-09
9.734999E-06  5.000000E-09
9.740000E-06  5.000000E-09
9.745000E-06  5.000000E-09
9.750000E-06  5.000000E-09
9.755000E-06  5.000000E-09
9.760000E-06  5.000000E-09
9.765000E-06  5.000000E-09
9.770000E-06  5.000000E-09
9.775000E-06  5.000000E-09
9.779999E-06  5.000000E-09
9.785000E-06  5.000000E-09
9.790000E-06  5.000000E-09
9.795000E-06  5.000000E-09
9.800000E-06  5.000000E-09
9.805000E-06  5.000000E-09
9.810001E-06  5.000000E-09
9.814999E-06  5.000000E-09
9.820000E-06  5.000000E-09
9.825000E-06  5.000000E-09
9.830000E-06  5.000000E-09
9.835000E-06  5.000000E-09
9.840001E-06  5.000000E-09
9.845000E-06  5.000000E-09
9.850000E-06  5.000000E-09
9.855000E-06  5.000000E-09
9.859999E-06  5.000000E-09
9.865000E-06  5.000000E-09
9.870000E-06  5.000000E-09
9.875000E-06  5.000000E-09
9.880000E-06  5.000000E-09
9.885001E-06  5.000000E-09
9.890000E-06  5.000000E-09
9.895000E-06  5.000000E-09
9.900000E-06  5.000000E-09
9.904999E-06  5.000000E-09
9.910000E-06  5.000000E-09
9.915000E-06  5.000000E-09
9.920000E-06  5.000000E-09
9.925000E-06  5.000000E-09
9.930000E-06  5.000000E-09
9.935000E-06  5.000000E-09
9.939999E-06  5.000000E-09
9.945000E-06  5.000000E-09
9.949999E-06  5.000000E-09
9.955000E-06  5.000000E-09
9.960000E-06  5.000000E-09
9.965001E-06  5.000000E-09
9.970000E-06  5.000000E-09
9.975000E-06  5.000000E-09
9.980000E-06  5.000000E-09
9.984999E-06  5.000000E-09
9.990000E-06  5.000000E-09
9.995000E-06  5.000000E-09
1.000000E-05  5.000000E-09
