# This file automatically generated by create_array_files.script
name = PFI_RING19_1km_2.5m
lat =        34.224384
lon =       -118.05703
alt =        1731.2640
coord = 1
throughput =       1.00000
wind_speed =       0.00000
r0 =       0.00000
R00      0       0.0000000000000000     500.0000000000000000       0.0000000000000000      1.0000000      2.5000000
R01      1     162.3497346023417265     472.9086208503173339       0.0000000000000000      1.0000000      2.5000000
R02      2     307.1063563448338982     394.5702546981968339       0.0000000000000000      1.0000000      2.5000000
R03      3     418.5832391312642926     273.4740790612134447       0.0000000000000000      1.0000000      2.5000000
R04      4     484.7001329696651624     122.7427435703996110       0.0000000000000000      1.0000000      2.5000000
R05      5     498.2922465033349226     -41.2896727361661391       0.0000000000000000      1.0000000      2.5000000
R06      6     457.8866633275287086    -200.8477123264847251       0.0000000000000000      1.0000000      2.5000000
R07      7     367.8619553365658703    -338.6407858128704333       0.0000000000000000      1.0000000      2.5000000
R08      8     237.9736965185368263    -439.7368756032444708       0.0000000000000000      1.0000000      2.5000000
R09      9      82.2972951403670123    -493.1806517013611710       0.0000000000000000      1.0000000      2.5000000
R10     10     -82.2972951403668986    -493.1806517013612279       0.0000000000000000      1.0000000      2.5000000
R11     11    -237.9736965185365705    -439.7368756032446413       0.0000000000000000      1.0000000      2.5000000
R12     12    -367.8619553365658135    -338.6407858128705470       0.0000000000000000      1.0000000      2.5000000
R13     13    -457.8866633275288223    -200.8477123264845261       0.0000000000000000      1.0000000      2.5000000
R14     14    -498.2922465033349226     -41.2896727361663736       0.0000000000000000      1.0000000      2.5000000
R15     15    -484.7001329696652192     122.7427435703993837       0.0000000000000000      1.0000000      2.5000000
R16     16    -418.5832391312644063     273.4740790612132741       0.0000000000000000      1.0000000      2.5000000
R17     17    -307.1063563448336708     394.5702546981969476       0.0000000000000000      1.0000000      2.5000000
R18     18    -162.3497346023418686     472.9086208503173339       0.0000000000000000      1.0000000      2.5000000
